name: ragtag
channels:
  - bioconda
  - conda-forge
dependencies:
  - _libgcc_mutex=0.1=conda_forge
  - _openmp_mutex=4.5=2_gnu
  - bzip2=1.0.8=hd590300_5
  - c-ares=1.27.0=hd590300_0
  - ca-certificates=2024.2.2=hbcca054_0
  - intervaltree=3.1.0=pyhd8ed1ab_1
  - k8=0.2.5=hdcf5f25_4
  - keyutils=1.6.1=h166bdaf_0
  - krb5=1.21.2=h659d440_0
  - ld_impl_linux-64=2.40=h41732ed_0
  - libblas=3.9.0=21_linux64_openblas
  - libcblas=3.9.0=21_linux64_openblas
  - libcurl=8.6.0=hca28451_0
  - libdeflate=1.18=h0b41bf4_0
  - libedit=3.1.20191231=he28a2e2_2
  - libev=4.33=hd590300_2
  - libffi=3.4.2=h7f98852_5
  - libgcc-ng=13.2.0=h807b86a_5
  - libgfortran-ng=13.2.0=h69a702a_5
  - libgfortran5=13.2.0=ha4646dd_5
  - libgomp=13.2.0=h807b86a_5
  - liblapack=3.9.0=21_linux64_openblas
  - libnghttp2=1.58.0=h47da74e_1
  - libnsl=2.0.1=hd590300_0
  - libopenblas=0.3.26=pthreads_h413a1c8_0
  - libsqlite=3.45.2=h2797004_0
  - libssh2=1.11.0=h0841786_0
  - libstdcxx-ng=13.2.0=h7e041cc_5
  - libuuid=2.38.1=h0b41bf4_0
  - libxcrypt=4.4.36=hd590300_1
  - libzlib=1.2.13=hd590300_5
  - minimap2=2.27=he4a0461_1
  - mummer=3.23=pl5321hdbdd923_16
  - ncurses=6.4.20240210=h59595ed_0
  - networkx=3.2.1=pyhd8ed1ab_0
  - numpy=1.26.4=py310hb13e2d6_0
  - openssl=3.2.1=hd590300_1
  - perl=5.32.1=7_hd590300_perl5
  - pip=24.0=pyhd8ed1ab_0
  - pysam=0.22.0=py310h41dec4a_1
  - python=3.10.14=hd12c33a_0_cpython
  - python_abi=3.10=4_cp310
  - ragtag=2.1.0=pyhb7b1952_0
  - readline=8.2=h8228510_1
  - setuptools=69.2.0=pyhd8ed1ab_0
  - sortedcontainers=2.4.0=pyhd8ed1ab_0
  - tk=8.6.13=noxft_h4845f30_101
  - tzdata=2024a=h0c530f3_0
  - wheel=0.43.0=pyhd8ed1ab_0
  - xz=5.2.6=h166bdaf_0
  - zlib=1.2.13=hd590300_5
  - zstd=1.5.5=hfc55251_0
prefix: /data/tools/miniconda3/envs/ragtag
